32767 
32766 
32765 
32761 
32757 
32752 
32745 
32737 
32727 
32717 
32705 
32692 
32678 
32663 
32646 
32628 
32609 
32589 
32567 
32544 
32520 
32495 
32468 
32441 
32412 
32381 
32350 
32317 
32284 
32249 
32212 
32175 
32136 
32096 
32055 
32013 
31969 
31925 
31879 
31831 
31783 
31734 
31683 
31631 
31578 
31523 
31468 
31411 
31353 
31294 
31234 
31173 
31110 
31046 
30981 
30915 
30848 
30779 
30710 
30639 
30567 
30494 
30420 
30344 
30268 
30190 
30111 
30032 
29950 
29868 
29785 
29701 
29615 
29528 
29440 
29352 
29262 
29170 
29078 
28985 
28890 
28795 
28698 
28601 
28502 
28402 
28301 
28199 
28096 
27992 
27887 
27781 
27674 
27565 
27456 
27346 
27234 
27122 
27008 
26894 
26778 
26662 
26545 
26426 
26307 
26186 
26065 
25942 
25819 
25694 
25569 
25443 
25315 
25187 
25058 
24928 
24797 
24665 
24532 
24398 
24263 
24127 
23991 
23853 
23715 
23575 
23435 
23294 
23152 
23009 
22865 
22721 
22575 
22429 
22282 
22134 
21985 
21836 
21685 
21534 
21382 
21229 
21075 
20921 
20765 
20609 
20452 
20295 
20136 
19977 
19817 
19657 
19495 
19333 
19170 
19007 
18842 
18677 
18512 
18345 
18178 
18010 
17842 
17673 
17503 
17333 
17161 
16990 
16817 
16644 
16471 
16296 
16121 
15946 
15770 
15593 
15416 
15238 
15059 
14880 
14701 
14521 
14340 
14159 
13977 
13795 
13612 
13429 
13245 
13060 
12876 
12690 
12505 
12318 
12132 
11944 
11757 
11569 
11380 
11191 
11002 
10812 
10622 
10431 
10240 
10049 
9857  
9665  
9473  
9280  
9087  
8893  
8699  
8505  
8311  
8116  
7921  
7725  
7529  
7333  
7137  
6941  
6744  
6547  
6349  
6152  
5954  
5756  
5558  
5359  
5161  
4962  
4763  
4564  
4364  
4165  
3965  
3765  
3565  
3365  
3165  
2964  
2764  
2563  
2363  
2162  
1961  
1760  
1559  
1358  
1157  
956   
755   
553   
352   
151   
-50   
-252  
-453  
-654  
-855  
-1056 
-1258 
-1459 
-1660 
-1861 
-2061 
-2262 
-2463 
-2664 
-2864 
-3065 
-3265 
-3465 
-3665 
-3865 
-4065 
-4264 
-4464 
-4663 
-4862 
-5061 
-5260 
-5459 
-5657 
-5855 
-6053 
-6251 
-6448 
-6645 
-6842 
-7039 
-7235 
-7431 
-7627 
-7823 
-8018 
-8213 
-8408 
-8602 
-8796 
-8990 
-9183 
-9376 
-9569 
-9761 
-9953 
-10145
-10336
-10527
-10717
-10907
-11097
-11286
-11474
-11663
-11851
-12038
-12225
-12411
-12597
-12783
-12968
-13153
-13337
-13520
-13703
-13886
-14068
-14249
-14430
-14611
-14791
-14970
-15149
-15327
-15504
-15681
-15858
-16034
-16209
-16383
-16557
-16731
-16904
-17076
-17247
-17418
-17588
-17757
-17926
-18094
-18262
-18429
-18595
-18760
-18925
-19089
-19252
-19414
-19576
-19737
-19897
-20057
-20216
-20374
-20531
-20687
-20843
-20998
-21152
-21305
-21458
-21610
-21760
-21910
-22060
-22208
-22356
-22502
-22648
-22793
-22937
-23081
-23223
-23365
-23505
-23645
-23784
-23922
-24059
-24195
-24330
-24465
-24598
-24731
-24862
-24993
-25123
-25251
-25379
-25506
-25632
-25757
-25881
-26003
-26125
-26246
-26366
-26485
-26603
-26720
-26836
-26951
-27065
-27178
-27290
-27401
-27511
-27620
-27727
-27834
-27940
-28044
-28148
-28250
-28352
-28452
-28552
-28650
-28747
-28843
-28938
-29032
-29124
-29216
-29307
-29396
-29485
-29572
-29658
-29743
-29827
-29910
-29991
-30072
-30151
-30229
-30306
-30382
-30457
-30531
-30603
-30675
-30745
-30814
-30882
-30948
-31014
-31078
-31141
-31203
-31264
-31324
-31382
-31440
-31496
-31551
-31604
-31657
-31708
-31758
-31807
-31855
-31902
-31947
-31991
-32034
-32076
-32116
-32156
-32194
-32231
-32266
-32301
-32334
-32366
-32397
-32426
-32455
-32482
-32508
-32532
-32556
-32578
-32599
-32619
-32637
-32654
-32670
-32685
-32699
-32711
-32722
-32732
-32741
-32748
-32754
-32759
-32763
-32766
-32767
-32767
-32766
-32763
-32759
-32754
-32748
-32741
-32732
-32722
-32711
-32699
-32685
-32670
-32654
-32637
-32619
-32599
-32578
-32556
-32532
-32508
-32482
-32455
-32426
-32397
-32366
-32334
-32301
-32266
-32231
-32194
-32156
-32116
-32076
-32034
-31991
-31947
-31902
-31855
-31807
-31758
-31708
-31657
-31604
-31551
-31496
-31440
-31382
-31324
-31264
-31203
-31141
-31078
-31014
-30948
-30882
-30814
-30745
-30675
-30603
-30531
-30457
-30382
-30306
-30229
-30151
-30072
-29991
-29910
-29827
-29743
-29658
-29572
-29485
-29396
-29307
-29216
-29124
-29032
-28938
-28843
-28747
-28650
-28552
-28452
-28352
-28250
-28148
-28044
-27940
-27834
-27727
-27620
-27511
-27401
-27290
-27178
-27065
-26951
-26836
-26720
-26603
-26485
-26366
-26246
-26125
-26003
-25881
-25757
-25632
-25506
-25379
-25251
-25123
-24993
-24862
-24731
-24598
-24465
-24330
-24195
-24059
-23922
-23784
-23645
-23505
-23365
-23223
-23081
-22937
-22793
-22648
-22502
-22356
-22208
-22060
-21910
-21760
-21610
-21458
-21305
-21152
-20998
-20843
-20687
-20531
-20374
-20216
-20057
-19897
-19737
-19576
-19414
-19252
-19089
-18925
-18760
-18595
-18429
-18262
-18094
-17926
-17757
-17588
-17418
-17247
-17076
-16904
-16731
-16557
-16384
-16209
-16034
-15858
-15681
-15504
-15327
-15149
-14970
-14791
-14611
-14430
-14249
-14068
-13886
-13703
-13520
-13337
-13153
-12968
-12783
-12597
-12411
-12225
-12038
-11851
-11663
-11474
-11286
-11097
-10907
-10717
-10527
-10336
-10145
-9953 
-9761 
-9569 
-9376 
-9183 
-8990 
-8796 
-8602 
-8408 
-8213 
-8018 
-7823 
-7627 
-7431 
-7235 
-7039 
-6842 
-6645 
-6448 
-6251 
-6053 
-5855 
-5657 
-5459 
-5260 
-5061 
-4862 
-4663 
-4464 
-4264 
-4065 
-3865 
-3665 
-3465 
-3265 
-3065 
-2864 
-2664 
-2463 
-2262 
-2061 
-1861 
-1660 
-1459 
-1258 
-1056 
-855  
-654  
-453  
-252  
-50   
151   
352   
553   
755   
956   
1157  
1358  
1559  
1760  
1961  
2162  
2363  
2563  
2764  
2964  
3165  
3365  
3565  
3765  
3965  
4165  
4364  
4564  
4763  
4962  
5161  
5359  
5558  
5756  
5954  
6152  
6349  
6547  
6744  
6941  
7137  
7333  
7529  
7725  
7921  
8116  
8311  
8505  
8699  
8893  
9087  
9280  
9473  
9665  
9857  
10049
10240
10431
10622
10812
11002
11191
11380
11569
11757
11944
12132
12318
12505
12690
12876
13060
13245
13429
13612
13795
13977
14159
14340
14521
14701
14880
15059
15238
15416
15593
15770
15946
16121
16296
16471
16644
16817
16990
17161
17333
17503
17673
17842
18010
18178
18345
18512
18677
18842
19007
19170
19333
19495
19657
19817
19977
20136
20295
20452
20609
20765
20921
21075
21229
21382
21534
21685
21836
21985
22134
22282
22429
22575
22721
22865
23009
23152
23294
23435
23575
23715
23853
23991
24127
24263
24398
24532
24665
24797
24928
25058
25187
25315
25443
25569
25694
25819
25942
26065
26186
26307
26426
26545
26662
26778
26894
27008
27122
27234
27346
27456
27565
27674
27781
27887
27992
28096
28199
28301
28402
28502
28601
28698
28795
28890
28985
29078
29170
29262
29352
29440
29528
29615
29701
29785
29868
29950
30032
30111
30190
30268
30344
30420
30494
30567
30639
30710
30779
30848
30915
30981
31046
31110
31173
31234
31294
31353
31411
31468
31523
31578
31631
31683
31734
31783
31831
31879
31925
31969
32013
32055
32096
32136
32175
32212
32249
32284
32317
32350
32381
32412
32441
32468
32495
32520
32544
32567
32589
32609
32628
32646
32663
32678
32692
32705
32717
32727
32737
32745
32752
32757
32761
32765
32766
32767