0
201
402
604
805
1006
1207
1408
1609
1810
2011
2212
2413
2614
2814
3015
3215
3415
3615
3815
4015
4215
4414
4613
4813
5012
5210
5409
5607
5806
6003
6201
6399
6596
6793
6990
7186
7382
7578
7774
7969
8164
8359
8554
8748
8941
9135
9328
9521
9713
9905
10097
10288
10479
10669
10860
11049
11238
11427
11616
11804
11991
12178
12365
12551
12737
12922
13107
13291
13474
13658
13840
14022
14204
14385
14566
14746
14925
15104
15282
15460
15637
15814
15990
16165
16340
16514
16688
16860
17033
17204
17375
17546
17715
17884
18052
18220
18387
18553
18719
18884
19048
19211
19374
19536
19697
19857
20017
20176
20334
20492
20648
20804
20959
21114
21267
21420
21572
21723
21873
22022
22171
22319
22466
22612
22757
22901
23045
23188
23329
23470
23610
23749
23887
24025
24161
24297
24431
24565
24698
24829
24960
25090
25219
25347
25474
25600
25725
25850
25973
26095
26216
26336
26456
26574
26691
26807
26923
27037
27150
27262
27373
27483
27593
27701
27808
27913
28018
28122
28225
28327
28427
28527
28625
28723
28819
28914
29008
29101
29193
29284
29374
29463
29550
29636
29722
29806
29889
29971
30052
30131
30210
30287
30363
30438
30512
30585
30657
30727
30797
30865
30932
30998
31062
31126
31188
31249
31309
31368
31425
31482
31537
31591
31644
31696
31746
31795
31843
31890
31936
31980
32024
32066
32106
32146
32184
32222
32257
32292
32326
32358
32389
32419
32448
32475
32501
32526
32550
32572
32594
32614
32633
32650
32667
32682
32696
32708
32720
32730
32739
32747
32753
32758
32762
32765
32767
32767
32766
32764
32760
32756
32750
32743
32735
32725
32714
32702
32689
32674
32659
32642
32623
32604
32583
32561
32538
32514
32488
32462
32433
32404
32374
32342
32309
32275
32240
32203
32165
32126
32086
32045
32002
31958
31913
31867
31819
31771
31721
31670
31618
31564
31510
31454
31397
31339
31279
31219
31157
31094
31030
30965
30898
30831
30762
30692
30621
30549
30476
30401
30325
30249
30171
30092
30011
29930
29848
29764
29679
29593
29506
29418
29329
29239
29147
29055
28961
28867
28771
28674
28576
28477
28377
28276
28174
28070
27966
27861
27754
27647
27538
27429
27318
27206
27094
26980
26865
26749
26633
26515
26396
26276
26156
26034
25911
25788
25663
25537
25411
25283
25155
25025
24895
24764
24631
24498
24364
24229
24093
23956
23819
23680
23540
23400
23259
23116
22973
22829
22685
22539
22392
22245
22097
21948
21798
21647
21496
21344
21190
21037
20882
20726
20570
20413
20255
20097
19937
19777
19616
19455
19293
19129
18966
18801
18636
18470
18304
18136
17968
17800
17630
17460
17290
17119
16947
16774
16601
16427
16253
16078
15902
15726
15549
15371
15193
15015
14836
14656
14476
14295
14113
13931
13749
13566
13383
13199
13014
12829
12644
12458
12272
12085
11897
11710
11522
11333
11144
10954
10765
10574
10384
10193
10001
9809
9617
9424
9232
9038
8845
8651
8456
8262
8067
7872
7676
7480
7284
7088
6891
6694
6497
6300
6102
5905
5706
5508
5310
5111
4912
4713
4514
4314
4115
3915
3715
3515
3315
3115
2914
2714
2513
2312
2112
1911
1710
1509
1308
1107
906
704
503
302
101
-101
-302
-503
-704
-906
-1107
-1308
-1509
-1710
-1911
-2112
-2312
-2513
-2714
-2914
-3115
-3315
-3515
-3715
-3915
-4115
-4314
-4514
-4713
-4912
-5111
-5310
-5508
-5706
-5905
-6102
-6300
-6497
-6694
-6891
-7088
-7284
-7480
-7676
-7872
-8067
-8262
-8456
-8651
-8845
-9038
-9232
-9424
-9617
-9809
-10001
-10193
-10384
-10574
-10765
-10954
-11144
-11333
-11522
-11710
-11897
-12085
-12272
-12458
-12644
-12829
-13014
-13199
-13383
-13566
-13749
-13931
-14113
-14295
-14476
-14656
-14836
-15015
-15193
-15371
-15549
-15726
-15902
-16078
-16253
-16427
-16601
-16774
-16947
-17119
-17290
-17460
-17630
-17800
-17968
-18136
-18304
-18470
-18636
-18801
-18966
-19129
-19293
-19455
-19616
-19777
-19937
-20097
-20255
-20413
-20570
-20726
-20882
-21037
-21190
-21344
-21496
-21647
-21798
-21948
-22097
-22245
-22392
-22539
-22685
-22829
-22973
-23116
-23259
-23400
-23540
-23680
-23819
-23956
-24093
-24229
-24364
-24498
-24631
-24764
-24895
-25025
-25155
-25283
-25411
-25537
-25663
-25788
-25911
-26034
-26156
-26276
-26396
-26515
-26633
-26749
-26865
-26980
-27094
-27206
-27318
-27429
-27538
-27647
-27754
-27861
-27966
-28070
-28174
-28276
-28377
-28477
-28576
-28674
-28771
-28867
-28961
-29055
-29147
-29239
-29329
-29418
-29506
-29593
-29679
-29764
-29848
-29930
-30011
-30092
-30171
-30249
-30325
-30401
-30476
-30549
-30621
-30692
-30762
-30831
-30898
-30965
-31030
-31094
-31157
-31219
-31279
-31339
-31397
-31454
-31510
-31564
-31618
-31670
-31721
-31771
-31819
-31867
-31913
-31958
-32002
-32045
-32086
-32126
-32165
-32203
-32240
-32275
-32309
-32342
-32374
-32404
-32433
-32462
-32488
-32514
-32538
-32561
-32583
-32604
-32623
-32642
-32659
-32674
-32689
-32702
-32714
-32725
-32735
-32743
-32750
-32756
-32760
-32764
-32766
-32767
-32767
-32765
-32762
-32758
-32753
-32747
-32739
-32730
-32720
-32708
-32696
-32682
-32667
-32650
-32633
-32614
-32594
-32572
-32550
-32526
-32501
-32475
-32448
-32419
-32389
-32358
-32326
-32292
-32257
-32222
-32184
-32146
-32106
-32066
-32024
-31980
-31936
-31890
-31843
-31795
-31746
-31696
-31644
-31591
-31537
-31482
-31425
-31368
-31309
-31249
-31188
-31126
-31062
-30998
-30932
-30865
-30797
-30727
-30657
-30585
-30512
-30438
-30363
-30287
-30210
-30131
-30052
-29971
-29889
-29806
-29722
-29636
-29550
-29463
-29374
-29284
-29193
-29101
-29008
-28914
-28819
-28723
-28625
-28527
-28427
-28327
-28225
-28122
-28018
-27913
-27808
-27701
-27593
-27483
-27373
-27262
-27150
-27037
-26923
-26807
-26691
-26574
-26456
-26336
-26216
-26095
-25973
-25850
-25725
-25600
-25474
-25347
-25219
-25090
-24960
-24829
-24698
-24565
-24431
-24297
-24161
-24025
-23887
-23749
-23610
-23470
-23329
-23188
-23045
-22901
-22757
-22612
-22466
-22319
-22171
-22022
-21873
-21723
-21572
-21420
-21267
-21114
-20959
-20804
-20648
-20492
-20334
-20176
-20017
-19857
-19697
-19536
-19374
-19211
-19048
-18884
-18719
-18553
-18387
-18220
-18052
-17884
-17715
-17546
-17375
-17204
-17033
-16860
-16688
-16514
-16340
-16165
-15990
-15814
-15637
-15460
-15282
-15104
-14925
-14746
-14566
-14385
-14204
-14022
-13840
-13658
-13474
-13291
-13107
-12922
-12737
-12551
-12365
-12178
-11991
-11804
-11616
-11427
-11238
-11049
-10860
-10669
-10479
-10288
-10097
-9905
-9713
-9521
-9328
-9135
-8941
-8748
-8554
-8359
-8164
-7969
-7774
-7578
-7382
-7186
-6990
-6793
-6596
-6399
-6201
-6003
-5806
-5607
-5409
-5210
-5012
-4813
-4613
-4414
-4215
-4015
-3815
-3615
-3415
-3215
-3015
-2814
-2614
-2413
-2212
-2011
-1810
-1609
-1408
-1207
-1006
-805
-604
-402
-201
0
